# Data from SSDC cosmic rays database www.ssdc.asi.it 
# File generated today 20210627 
# Errors may contain statistic and systematic depending on the options set when drawing the graph 
# Fluxes are multiplied by a power of Energy (or Rigidity) if the option is set when drawing the graph 
# Horizontal errors usually are not uncertanties of the measurement but correspond to binning. See publication. 
#
# GraphTitle: Be/O AMS-02 PRL (2018); 2011-05-19 00:00:00.0,2016-05-26 00:00:00.0; 
# XLabel: kinetic energy (GeV/n) 
# YLabel: fluxratio 
#
# Columns: X, XErrorLow, XErrorHigh, Y, YErrorLow, YErrorHigh 
4.444000e-01  0.000000e+00 0.000000e+00  9.238500e-02  3.201900e-03 3.201900e-03 
5.347000e-01  0.000000e+00 0.000000e+00  9.694200e-02  2.891700e-03 2.891700e-03 
6.370000e-01  0.000000e+00 0.000000e+00  9.790100e-02  2.733800e-03 2.733800e-03 
7.534000e-01  0.000000e+00 0.000000e+00  1.017100e-01  2.691000e-03 2.691000e-03 
8.844000e-01  0.000000e+00 0.000000e+00  1.059500e-01  2.710800e-03 2.710800e-03 
1.030000e+00  0.000000e+00 0.000000e+00  1.070800e-01  2.696600e-03 2.696600e-03 
1.192000e+00  0.000000e+00 0.000000e+00  1.089600e-01  2.709400e-03 2.709400e-03 
1.371000e+00  0.000000e+00 0.000000e+00  1.093800e-01  2.700000e-03 2.700000e-03 
1.568000e+00  0.000000e+00 0.000000e+00  1.098300e-01  2.688600e-03 2.688600e-03 
1.787000e+00  0.000000e+00 0.000000e+00  1.106000e-01  2.690600e-03 2.690600e-03 
2.028000e+00  0.000000e+00 0.000000e+00  1.092100e-01  2.654700e-03 2.654700e-03 
2.290000e+00  0.000000e+00 0.000000e+00  1.086500e-01  2.638900e-03 2.638900e-03 
2.575000e+00  0.000000e+00 0.000000e+00  1.075200e-01  2.612800e-03 2.612800e-03 
2.887000e+00  0.000000e+00 0.000000e+00  1.059600e-01  2.578600e-03 2.578600e-03 
3.224000e+00  0.000000e+00 0.000000e+00  1.023900e-01  2.503100e-03 2.503100e-03 
3.590000e+00  0.000000e+00 0.000000e+00  1.016000e-01  2.485100e-03 2.485100e-03 
3.987000e+00  0.000000e+00 0.000000e+00  1.001200e-01  2.456100e-03 2.456100e-03 
4.414000e+00  0.000000e+00 0.000000e+00  9.799300e-02  2.417200e-03 2.417200e-03 
4.882000e+00  0.000000e+00 0.000000e+00  9.429300e-02  2.341700e-03 2.341700e-03 
5.376000e+00  0.000000e+00 0.000000e+00  9.398700e-02  2.346100e-03 2.346100e-03 
5.895000e+00  0.000000e+00 0.000000e+00  9.119400e-02  2.291600e-03 2.291600e-03 
6.465000e+00  0.000000e+00 0.000000e+00  8.931200e-02  2.259900e-03 2.259900e-03 
7.085000e+00  0.000000e+00 0.000000e+00  8.668800e-02  2.209900e-03 2.209900e-03 
7.755000e+00  0.000000e+00 0.000000e+00  8.612700e-02  2.205300e-03 2.205300e-03 
8.476000e+00  0.000000e+00 0.000000e+00  8.235100e-02  2.133500e-03 2.133500e-03 
9.247000e+00  0.000000e+00 0.000000e+00  8.114200e-02  2.116100e-03 2.116100e-03 
1.007000e+01  0.000000e+00 0.000000e+00  7.981000e-02  2.094400e-03 2.094400e-03 
1.096000e+01  0.000000e+00 0.000000e+00  7.624100e-02  2.016700e-03 2.016700e-03 
1.194000e+01  0.000000e+00 0.000000e+00  7.328800e-02  1.964800e-03 1.964800e-03 
1.296000e+01  0.000000e+00 0.000000e+00  7.189300e-02  1.948800e-03 1.948800e-03 
1.405000e+01  0.000000e+00 0.000000e+00  7.040200e-02  1.926300e-03 1.926300e-03 
1.523000e+01  0.000000e+00 0.000000e+00  6.943700e-02  1.929000e-03 1.929000e-03 
1.647000e+01  0.000000e+00 0.000000e+00  6.665100e-02  1.888300e-03 1.888300e-03 
1.782000e+01  0.000000e+00 0.000000e+00  6.531300e-02  1.885900e-03 1.885900e-03 
1.927000e+01  0.000000e+00 0.000000e+00  6.393500e-02  1.890500e-03 1.890500e-03 
2.082000e+01  0.000000e+00 0.000000e+00  6.032100e-02  1.840800e-03 1.840800e-03 
2.246000e+01  0.000000e+00 0.000000e+00  5.998800e-02  1.876200e-03 1.876200e-03 
2.424000e+01  0.000000e+00 0.000000e+00  5.706300e-02  1.841500e-03 1.841500e-03 
2.614000e+01  0.000000e+00 0.000000e+00  5.539000e-02  1.851100e-03 1.851100e-03 
2.816000e+01  0.000000e+00 0.000000e+00  5.460800e-02  1.886200e-03 1.886200e-03 
3.033000e+01  0.000000e+00 0.000000e+00  5.366400e-02  1.914300e-03 1.914300e-03 
3.268000e+01  0.000000e+00 0.000000e+00  4.955100e-02  1.856000e-03 1.856000e-03 
3.520000e+01  0.000000e+00 0.000000e+00  5.135200e-02  1.982300e-03 1.982300e-03 
3.790000e+01  0.000000e+00 0.000000e+00  4.677300e-02  1.915500e-03 1.915500e-03 
4.079000e+01  0.000000e+00 0.000000e+00  4.741800e-02  2.000700e-03 2.000700e-03 
4.392000e+01  0.000000e+00 0.000000e+00  4.903700e-02  2.130300e-03 2.130300e-03 
4.729000e+01  0.000000e+00 0.000000e+00  4.630800e-02  2.131600e-03 2.131600e-03 
5.103000e+01  0.000000e+00 0.000000e+00  4.326500e-02  2.084000e-03 2.084000e-03 
5.503000e+01  0.000000e+00 0.000000e+00  4.223600e-02  2.182200e-03 2.182200e-03 
5.928000e+01  0.000000e+00 0.000000e+00  4.057400e-02  2.197300e-03 2.197300e-03 
6.402000e+01  0.000000e+00 0.000000e+00  3.540500e-02  2.090500e-03 2.090500e-03 
6.950000e+01  0.000000e+00 0.000000e+00  3.868100e-02  2.232200e-03 2.232200e-03 
7.575000e+01  0.000000e+00 0.000000e+00  3.454200e-02  2.223000e-03 2.223000e-03 
8.273000e+01  0.000000e+00 0.000000e+00  3.715200e-02  2.406700e-03 2.406700e-03 
9.072000e+01  0.000000e+00 0.000000e+00  3.058600e-02  2.238900e-03 2.238900e-03 
9.970000e+01  0.000000e+00 0.000000e+00  2.859300e-02  2.257700e-03 2.257700e-03 
1.099000e+02  0.000000e+00 0.000000e+00  3.444400e-02  2.674600e-03 2.674600e-03 
1.219000e+02  0.000000e+00 0.000000e+00  3.203700e-02  2.690600e-03 2.690600e-03 
1.363000e+02  0.000000e+00 0.000000e+00  3.149200e-02  2.770300e-03 2.770300e-03 
1.540000e+02  0.000000e+00 0.000000e+00  2.805400e-02  2.748600e-03 2.748600e-03 
1.759000e+02  0.000000e+00 0.000000e+00  2.516000e-02  2.716300e-03 2.716300e-03 
2.035000e+02  0.000000e+00 0.000000e+00  2.910900e-02  3.196400e-03 3.196400e-03 
2.396000e+02  0.000000e+00 0.000000e+00  2.341700e-02  3.039800e-03 3.039800e-03 
2.934000e+02  0.000000e+00 0.000000e+00  2.580400e-02  3.435200e-03 3.435200e-03 
3.801000e+02  0.000000e+00 0.000000e+00  2.305600e-02  3.611500e-03 3.611500e-03 
5.338000e+02  0.000000e+00 0.000000e+00  1.852500e-02  3.729500e-03 3.729500e-03 
1.035000e+03  0.000000e+00 0.000000e+00  1.041800e-02  5.487300e-03 5.487300e-03 
