# Data from SSDC cosmic rays database www.ssdc.asi.it 
# File generated today 20190723 
# Errors may contain statistic and systematic depending on the options set when drawing the graph 
# Fluxes are multiplied by a power of Energy (or Rigidity) if the option is set when drawing the graph 
# Horizontal errors usually are not uncertanties of the measurement but correspond to binning. See publication. 
#
# GraphTitle: e+ AMS-02 PRL (2019); 2011-05-19 00:00:00.0,2017-11-12 00:00:00.0; 
# XLabel: kinetic energy (GeV) 
# YLabel: flux ((m^{2} s sr GeV)^{-1}) 
#
# Columns: X, XErrorLow, XErrorHigh, Y, YErrorLow, YErrorHigh 
5.700000e-01  0.000000e+00 0.000000e+00  2.669000e+00  1.782190e-01 1.782190e-01 
7.300000e-01  0.000000e+00 0.000000e+00  2.576000e+00  1.089312e-01 1.089312e-01 
9.100000e-01  0.000000e+00 0.000000e+00  2.272000e+00  7.278049e-02 7.278049e-02 
1.110000e+00  0.000000e+00 0.000000e+00  1.929000e+00  5.021952e-02 5.021952e-02 
1.330000e+00  0.000000e+00 0.000000e+00  1.528000e+00  3.275668e-02 3.275668e-02 
1.580000e+00  0.000000e+00 0.000000e+00  1.196000e+00  2.158703e-02 2.158703e-02 
1.850000e+00  0.000000e+00 0.000000e+00  9.239000e-01  1.426359e-02 1.426359e-02 
2.150000e+00  0.000000e+00 0.000000e+00  7.003000e-01  9.751410e-03 9.751410e-03 
2.470000e+00  0.000000e+00 0.000000e+00  5.341000e-01  6.985700e-03 6.985700e-03 
2.820000e+00  0.000000e+00 0.000000e+00  3.983000e-01  5.069517e-03 5.069517e-03 
3.170000e+00  0.000000e+00 0.000000e+00  3.024000e-01  3.736308e-03 3.736308e-03 
3.540000e+00  0.000000e+00 0.000000e+00  2.338000e-01  2.912044e-03 2.912044e-03 
3.920000e+00  0.000000e+00 0.000000e+00  1.809000e-01  2.184033e-03 2.184033e-03 
4.320000e+00  0.000000e+00 0.000000e+00  1.389000e-01  1.676305e-03 1.676305e-03 
4.760000e+00  0.000000e+00 0.000000e+00  1.069000e-01  1.360147e-03 1.360147e-03 
5.240000e+00  0.000000e+00 0.000000e+00  8.208000e-02  1.037401e-03 1.037401e-03 
5.740000e+00  0.000000e+00 0.000000e+00  6.278000e-02  8.000625e-04 8.000625e-04 
6.260000e+00  0.000000e+00 0.000000e+00  4.923000e-02  6.324555e-04 6.324555e-04 
6.810000e+00  0.000000e+00 0.000000e+00  3.890000e-02  5.092151e-04 5.092151e-04 
7.390000e+00  0.000000e+00 0.000000e+00  3.018000e-02  3.956008e-04 3.956008e-04 
7.990000e+00  0.000000e+00 0.000000e+00  2.406000e-02  3.231099e-04 3.231099e-04 
8.620000e+00  0.000000e+00 0.000000e+00  1.900000e-02  2.600000e-04 2.600000e-04 
9.280000e+00  0.000000e+00 0.000000e+00  1.530000e-02  2.061553e-04 2.061553e-04 
9.960000e+00  0.000000e+00 0.000000e+00  1.242000e-02  1.746425e-04 1.746425e-04 
1.067000e+01  0.000000e+00 0.000000e+00  1.007000e-02  1.431782e-04 1.431782e-04 
1.141000e+01  0.000000e+00 0.000000e+00  8.302000e-03  1.211982e-04 1.211982e-04 
1.219000e+01  0.000000e+00 0.000000e+00  6.918000e-03  1.020000e-04 1.020000e-04 
1.299000e+01  0.000000e+00 0.000000e+00  5.668000e-03  8.595929e-05 8.595929e-05 
1.382000e+01  0.000000e+00 0.000000e+00  4.643000e-03  7.134424e-05 7.134424e-05 
1.469000e+01  0.000000e+00 0.000000e+00  3.864000e-03  6.020797e-05 6.020797e-05 
1.559000e+01  0.000000e+00 0.000000e+00  3.262000e-03  5.215362e-05 5.215362e-05 
1.652000e+01  0.000000e+00 0.000000e+00  2.718000e-03  4.465423e-05 4.465423e-05 
1.748000e+01  0.000000e+00 0.000000e+00  2.293000e-03  3.801316e-05 3.801316e-05 
1.848000e+01  0.000000e+00 0.000000e+00  1.933000e-03  3.220248e-05 3.220248e-05 
1.951000e+01  0.000000e+00 0.000000e+00  1.666000e-03  2.860070e-05 2.860070e-05 
2.058000e+01  0.000000e+00 0.000000e+00  1.454000e-03  2.500000e-05 2.500000e-05 
2.168000e+01  0.000000e+00 0.000000e+00  1.214000e-03  2.202272e-05 2.202272e-05 
2.283000e+01  0.000000e+00 0.000000e+00  1.018000e-03  1.843909e-05 1.843909e-05 
2.401000e+01  0.000000e+00 0.000000e+00  9.031000e-04  1.686713e-05 1.686713e-05 
2.525000e+01  0.000000e+00 0.000000e+00  7.647000e-04  1.458355e-05 1.458355e-05 
2.656000e+01  0.000000e+00 0.000000e+00  6.757000e-04  1.309084e-05 1.309084e-05 
2.795000e+01  0.000000e+00 0.000000e+00  5.747000e-04  1.145600e-05 1.145600e-05 
2.943000e+01  0.000000e+00 0.000000e+00  5.063000e-04  1.018234e-05 1.018234e-05 
3.100000e+01  0.000000e+00 0.000000e+00  4.273000e-04  8.914034e-06 8.914034e-06 
3.266000e+01  0.000000e+00 0.000000e+00  3.681000e-04  7.930952e-06 7.930952e-06 
3.443000e+01  0.000000e+00 0.000000e+00  3.126000e-04  6.876772e-06 6.876772e-06 
3.632000e+01  0.000000e+00 0.000000e+00  2.754000e-04  6.248200e-06 6.248200e-06 
3.833000e+01  0.000000e+00 0.000000e+00  2.328000e-04  5.249762e-06 5.249762e-06 
4.048000e+01  0.000000e+00 0.000000e+00  2.004000e-04  4.841487e-06 4.841487e-06 
4.278000e+01  0.000000e+00 0.000000e+00  1.723000e-04  4.280187e-06 4.280187e-06 
4.526000e+01  0.000000e+00 0.000000e+00  1.446000e-04  3.720215e-06 3.720215e-06 
4.792000e+01  0.000000e+00 0.000000e+00  1.323000e-04  3.440930e-06 3.440930e-06 
5.080000e+01  0.000000e+00 0.000000e+00  1.029000e-04  2.884441e-06 2.884441e-06 
5.392000e+01  0.000000e+00 0.000000e+00  8.860000e-05  2.540964e-06 2.540964e-06 
5.732000e+01  0.000000e+00 0.000000e+00  7.558000e-05  2.228116e-06 2.228116e-06 
6.103000e+01  0.000000e+00 0.000000e+00  6.115000e-05  1.905387e-06 1.905387e-06 
6.511000e+01  0.000000e+00 0.000000e+00  5.502000e-05  1.730462e-06 1.730462e-06 
6.962000e+01  0.000000e+00 0.000000e+00  4.367000e-05  1.446271e-06 1.446271e-06 
7.465000e+01  0.000000e+00 0.000000e+00  3.826000e-05  1.271417e-06 1.271417e-06 
8.029000e+01  0.000000e+00 0.000000e+00  3.013000e-05  1.064707e-06 1.064707e-06 
8.669000e+01  0.000000e+00 0.000000e+00  2.511000e-05  9.124144e-07 9.124144e-07 
9.402000e+01  0.000000e+00 0.000000e+00  2.037000e-05  7.647876e-07 7.647876e-07 
1.026000e+02  0.000000e+00 0.000000e+00  1.461000e-05  6.407808e-07 6.407808e-07 
1.127000e+02  0.000000e+00 0.000000e+00  1.173000e-05  5.200000e-07 5.200000e-07 
1.250000e+02  0.000000e+00 0.000000e+00  8.677000e-06  4.051876e-07 4.051876e-07 
1.401000e+02  0.000000e+00 0.000000e+00  6.998000e-06  3.277713e-07 3.277713e-07 
1.589000e+02  0.000000e+00 0.000000e+00  4.595000e-06  2.364255e-07 2.364255e-07 
1.831000e+02  0.000000e+00 0.000000e+00  3.201000e-06  1.736923e-07 1.736923e-07 
2.162000e+02  0.000000e+00 0.000000e+00  1.871000e-06  1.176520e-07 1.176520e-07 
2.618000e+02  0.000000e+00 0.000000e+00  1.158000e-06  8.127115e-08 8.127115e-08 
3.268000e+02  0.000000e+00 0.000000e+00  5.773000e-07  5.181853e-08 5.181853e-08 
4.285000e+02  0.000000e+00 0.000000e+00  2.491000e-07  3.001283e-08 3.001283e-08 
5.888000e+02  0.000000e+00 0.000000e+00  8.312000e-08  1.843509e-08 1.843509e-08 
8.323000e+02  0.000000e+00 0.000000e+00  1.927000e-08  1.174183e-08 1.174183e-08 
