# Data from SSDC cosmic rays database www.ssdc.asi.it 
# File generated today 20190723 
# Errors may contain statistic and systematic depending on the options set when drawing the graph 
# Fluxes are multiplied by a power of Energy (or Rigidity) if the option is set when drawing the graph 
# Horizontal errors usually are not uncertanties of the measurement but correspond to binning. See publication. 
#
# GraphTitle: (e+)+(e-) AMS-02 PRL (2019); 2011-05-19 00:00:00.0,2017-11-12 00:00:00.0; 
# XLabel: kinetic energy (GeV) 
# YLabel: flux ((m^{2} s sr GeV)^{-1}) 
#
# Columns: X, XErrorLow, XErrorHigh, Y, YErrorLow, YErrorHigh 
5.700000e-01  0.000000e+00 0.000000e+00  1.998000e+01  9.095603e-01 9.095603e-01 
7.300000e-01  0.000000e+00 0.000000e+00  1.967000e+01  7.134424e-01 7.134424e-01 
9.100000e-01  0.000000e+00 0.000000e+00  1.885000e+01  5.514526e-01 5.514526e-01 
1.110000e+00  0.000000e+00 0.000000e+00  1.754000e+01  4.210701e-01 4.210701e-01 
1.330000e+00  0.000000e+00 0.000000e+00  1.544000e+01  3.006659e-01 3.006659e-01 
1.580000e+00  0.000000e+00 0.000000e+00  1.320000e+01  2.202272e-01 2.202272e-01 
1.850000e+00  0.000000e+00 0.000000e+00  1.119000e+01  1.603122e-01 1.603122e-01 
2.150000e+00  0.000000e+00 0.000000e+00  9.103000e+00  1.182709e-01 1.182709e-01 
2.470000e+00  0.000000e+00 0.000000e+00  7.431000e+00  8.920202e-02 8.920202e-02 
2.820000e+00  0.000000e+00 0.000000e+00  5.903000e+00  6.818358e-02 6.818358e-02 
3.170000e+00  0.000000e+00 0.000000e+00  4.708000e+00  5.315073e-02 5.315073e-02 
3.540000e+00  0.000000e+00 0.000000e+00  3.789000e+00  4.210701e-02 4.210701e-02 
3.920000e+00  0.000000e+00 0.000000e+00  3.040000e+00  3.405877e-02 3.405877e-02 
4.320000e+00  0.000000e+00 0.000000e+00  2.418000e+00  2.707397e-02 2.707397e-02 
4.760000e+00  0.000000e+00 0.000000e+00  1.907000e+00  2.109502e-02 2.109502e-02 
5.240000e+00  0.000000e+00 0.000000e+00  1.491000e+00  1.702939e-02 1.702939e-02 
5.740000e+00  0.000000e+00 0.000000e+00  1.166000e+00  1.303840e-02 1.303840e-02 
6.260000e+00  0.000000e+00 0.000000e+00  9.207000e-01  1.053043e-02 1.053043e-02 
6.810000e+00  0.000000e+00 0.000000e+00  7.274000e-01  8.429116e-03 8.429116e-03 
7.390000e+00  0.000000e+00 0.000000e+00  5.741000e-01  6.726812e-03 6.726812e-03 
7.990000e+00  0.000000e+00 0.000000e+00  4.550000e-01  5.323533e-03 5.323533e-03 
8.620000e+00  0.000000e+00 0.000000e+00  3.605000e-01  4.318565e-03 4.318565e-03 
9.280000e+00  0.000000e+00 0.000000e+00  2.900000e-01  3.413210e-03 3.413210e-03 
9.960000e+00  0.000000e+00 0.000000e+00  2.329000e-01  2.816026e-03 2.816026e-03 
1.067000e+01  0.000000e+00 0.000000e+00  1.880000e-01  2.319483e-03 2.319483e-03 
1.141000e+01  0.000000e+00 0.000000e+00  1.521000e-01  1.910497e-03 1.910497e-03 
1.219000e+01  0.000000e+00 0.000000e+00  1.239000e-01  1.513275e-03 1.513275e-03 
1.299000e+01  0.000000e+00 0.000000e+00  1.012000e-01  1.315295e-03 1.315295e-03 
1.382000e+01  0.000000e+00 0.000000e+00  8.313000e-02  1.040865e-03 1.040865e-03 
1.469000e+01  0.000000e+00 0.000000e+00  6.826000e-02  8.598837e-04 8.598837e-04 
1.559000e+01  0.000000e+00 0.000000e+00  5.642000e-02  7.184706e-04 7.184706e-04 
1.652000e+01  0.000000e+00 0.000000e+00  4.654000e-02  5.984146e-04 5.984146e-04 
1.748000e+01  0.000000e+00 0.000000e+00  3.888000e-02  5.080354e-04 5.080354e-04 
1.848000e+01  0.000000e+00 0.000000e+00  3.250000e-02  4.257934e-04 4.257934e-04 
1.951000e+01  0.000000e+00 0.000000e+00  2.740000e-02  3.569314e-04 3.569314e-04 
2.058000e+01  0.000000e+00 0.000000e+00  2.292000e-02  3.059412e-04 3.059412e-04 
2.168000e+01  0.000000e+00 0.000000e+00  1.925000e-02  2.549510e-04 2.549510e-04 
2.283000e+01  0.000000e+00 0.000000e+00  1.626000e-02  2.158703e-04 2.158703e-04 
2.401000e+01  0.000000e+00 0.000000e+00  1.381000e-02  1.843909e-04 1.843909e-04 
2.525000e+01  0.000000e+00 0.000000e+00  1.176000e-02  1.649242e-04 1.649242e-04 
2.656000e+01  0.000000e+00 0.000000e+00  9.911000e-03  1.358234e-04 1.358234e-04 
2.795000e+01  0.000000e+00 0.000000e+00  8.416000e-03  1.156936e-04 1.156936e-04 
2.943000e+01  0.000000e+00 0.000000e+00  7.128000e-03  9.849365e-05 9.849365e-05 
3.100000e+01  0.000000e+00 0.000000e+00  5.957000e-03  8.324062e-05 8.324062e-05 
3.266000e+01  0.000000e+00 0.000000e+00  5.053000e-03  7.088018e-05 7.088018e-05 
3.443000e+01  0.000000e+00 0.000000e+00  4.260000e-03  6.072891e-05 6.072891e-05 
3.632000e+01  0.000000e+00 0.000000e+00  3.587000e-03  5.154610e-05 5.154610e-05 
3.833000e+01  0.000000e+00 0.000000e+00  3.039000e-03  4.332436e-05 4.332436e-05 
4.048000e+01  0.000000e+00 0.000000e+00  2.543000e-03  3.733631e-05 3.733631e-05 
4.278000e+01  0.000000e+00 0.000000e+00  2.123000e-03  3.101612e-05 3.101612e-05 
4.526000e+01  0.000000e+00 0.000000e+00  1.779000e-03  2.600000e-05 2.600000e-05 
4.792000e+01  0.000000e+00 0.000000e+00  1.499000e-03  2.284732e-05 2.284732e-05 
5.080000e+01  0.000000e+00 0.000000e+00  1.222000e-03  1.878829e-05 1.878829e-05 
5.392000e+01  0.000000e+00 0.000000e+00  1.018000e-03  1.565248e-05 1.565248e-05 
5.732000e+01  0.000000e+00 0.000000e+00  8.419000e-04  1.301422e-05 1.301422e-05 
6.103000e+01  0.000000e+00 0.000000e+00  6.803000e-04  1.069439e-05 1.069439e-05 
6.511000e+01  0.000000e+00 0.000000e+00  5.622000e-04  8.955445e-06 8.955445e-06 
6.962000e+01  0.000000e+00 0.000000e+00  4.511000e-04  7.271864e-06 7.271864e-06 
7.465000e+01  0.000000e+00 0.000000e+00  3.678000e-04  6.020797e-06 6.020797e-06 
8.029000e+01  0.000000e+00 0.000000e+00  2.914000e-04  4.825971e-06 4.825971e-06 
8.669000e+01  0.000000e+00 0.000000e+00  2.299000e-04  3.940812e-06 3.940812e-06 
9.402000e+01  0.000000e+00 0.000000e+00  1.782000e-04  3.140064e-06 3.140064e-06 
1.026000e+02  0.000000e+00 0.000000e+00  1.360000e-04  2.420744e-06 2.420744e-06 
1.127000e+02  0.000000e+00 0.000000e+00  1.006000e-04  1.843909e-06 1.843909e-06 
1.250000e+02  0.000000e+00 0.000000e+00  7.328000e-05  1.394453e-06 1.394453e-06 
1.401000e+02  0.000000e+00 0.000000e+00  5.231000e-05  1.046614e-06 1.046614e-06 
1.589000e+02  0.000000e+00 0.000000e+00  3.469000e-05  7.286288e-07 7.286288e-07 
1.831000e+02  0.000000e+00 0.000000e+00  2.173000e-05  4.891830e-07 4.891830e-07 
2.162000e+02  0.000000e+00 0.000000e+00  1.263000e-05  3.201562e-07 3.201562e-07 
2.618000e+02  0.000000e+00 0.000000e+00  7.136000e-06  2.058762e-07 2.058762e-07 
3.268000e+02  0.000000e+00 0.000000e+00  3.706000e-06  1.260516e-07 1.260516e-07 
4.285000e+02  0.000000e+00 0.000000e+00  1.527000e-06  6.576473e-08 6.576473e-08 
5.888000e+02  0.000000e+00 0.000000e+00  5.391000e-07  3.510912e-08 3.510912e-08 
8.323000e+02  0.000000e+00 0.000000e+00  1.963000e-07  2.080000e-08 2.080000e-08 
