# Data from SSDC cosmic rays database www.ssdc.asi.it 
# File generated today 20210527 
# Errors may contain statistic and systematic depending on the options set when drawing the graph 
# Fluxes are multiplied by a power of Energy (or Rigidity) if the option is set when drawing the graph 
# Horizontal errors usually are not uncertanties of the measurement but correspond to binning. See publication. 
#
# GraphTitle: (e+)+(e-) DAMPE Nature (2017); 2015-12-27 00:00:00.0,2017-06-08 00:00:00.0; 
# XLabel: kinetic energy (GeV) 
# YLabel: flux ((m^{2} s sr GeV)^{-1}) 
#
# Columns: X, XErrorLow, XErrorHigh, Y, YErrorLow, YErrorHigh 
2.570000e+01  0.000000e+00 0.000000e+00  1.160000e-02  3.000000e-04 3.000000e-04 
2.950000e+01  0.000000e+00 0.000000e+00  7.380000e-03  1.910497e-04 1.910497e-04 
3.390000e+01  0.000000e+00 0.000000e+00  4.760000e-03  1.315295e-04 1.315295e-04 
3.890000e+01  0.000000e+00 0.000000e+00  3.080000e-03  8.062258e-05 8.062258e-05 
4.460000e+01  0.000000e+00 0.000000e+00  2.000000e-03  5.099020e-05 5.099020e-05 
5.120000e+01  0.000000e+00 0.000000e+00  1.280000e-03  3.162278e-05 3.162278e-05 
5.880000e+01  0.000000e+00 0.000000e+00  8.320000e-04  2.137756e-05 2.137756e-05 
6.760000e+01  0.000000e+00 0.000000e+00  5.420000e-04  1.334166e-05 1.334166e-05 
7.760000e+01  0.000000e+00 0.000000e+00  3.540000e-04  9.219544e-06 9.219544e-06 
8.910000e+01  0.000000e+00 0.000000e+00  2.310000e-04  6.082763e-06 6.082763e-06 
1.022000e+02  0.000000e+00 0.000000e+00  1.520000e-04  4.123106e-06 4.123106e-06 
1.174000e+02  0.000000e+00 0.000000e+00  1.000000e-04  2.236068e-06 2.236068e-06 
1.348000e+02  0.000000e+00 0.000000e+00  6.490000e-05  1.708801e-06 1.708801e-06 
1.548000e+02  0.000000e+00 0.000000e+00  4.140000e-05  1.077033e-06 1.077033e-06 
1.777000e+02  0.000000e+00 0.000000e+00  2.780000e-05  7.615773e-07 7.615773e-07 
2.040000e+02  0.000000e+00 0.000000e+00  1.810000e-05  5.830952e-07 5.830952e-07 
2.342000e+02  0.000000e+00 0.000000e+00  1.200000e-05  3.605551e-07 3.605551e-07 
2.689000e+02  0.000000e+00 0.000000e+00  7.590000e-06  2.360085e-07 2.360085e-07 
3.088000e+02  0.000000e+00 0.000000e+00  4.810000e-06  1.627882e-07 1.627882e-07 
3.545000e+02  0.000000e+00 0.000000e+00  3.250000e-06  1.131371e-07 1.131371e-07 
4.071000e+02  0.000000e+00 0.000000e+00  2.120000e-06  7.810250e-08 7.810250e-08 
4.674000e+02  0.000000e+00 0.000000e+00  1.320000e-06  5.830952e-08 5.830952e-08 
5.366000e+02  0.000000e+00 0.000000e+00  8.490000e-07  3.996248e-08 3.996248e-08 
6.161000e+02  0.000000e+00 0.000000e+00  6.130000e-07  3.088689e-08 3.088689e-08 
7.074000e+02  0.000000e+00 0.000000e+00  3.920000e-07  2.236068e-08 2.236068e-08 
8.122000e+02  0.000000e+00 0.000000e+00  2.380000e-07  1.615549e-08 1.615549e-08 
9.325000e+02  0.000000e+00 0.000000e+00  1.520000e-07  1.170470e-08 1.170470e-08 
1.070700e+03  0.000000e+00 0.000000e+00  9.290000e-08  8.633076e-09 8.633076e-09 
1.229300e+03  0.000000e+00 0.000000e+00  4.380000e-08  5.481788e-09 5.481788e-09 
1.411400e+03  0.000000e+00 0.000000e+00  4.990000e-08  5.565968e-09 5.565968e-09 
1.620500e+03  0.000000e+00 0.000000e+00  1.520000e-08  2.863564e-09 2.863564e-09 
1.860600e+03  0.000000e+00 0.000000e+00  1.070000e-08  2.256103e-09 2.256103e-09 
2.136300e+03  0.000000e+00 0.000000e+00  6.240000e-09  1.637712e-09 1.637712e-09 
2.452800e+03  0.000000e+00 0.000000e+00  3.840000e-09  1.218236e-09 1.218236e-09 
2.816100e+03  0.000000e+00 0.000000e+00  1.030000e-09  6.338770e-10 6.338770e-10 
3.233400e+03  0.000000e+00 0.000000e+00  9.530000e-10  5.683274e-10 5.683274e-10 
3.712400e+03  0.000000e+00 0.000000e+00  9.070000e-10  5.177577e-10 5.177577e-10 
4.262400e+03  0.000000e+00 0.000000e+00  6.150000e-10  4.064529e-10 4.064529e-10 
