# Data from SSDC cosmic rays database www.ssdc.asi.it 
# File generated today 20210527 
# Errors may contain statistic and systematic depending on the options set when drawing the graph 
# Fluxes are multiplied by a power of Energy (or Rigidity) if the option is set when drawing the graph 
# Horizontal errors usually are not uncertanties of the measurement but correspond to binning. See publication. 
#
# GraphTitle: (e+)+(e-) CALET PRL (2018); 2015-10-13,2017-11-30; 
# XLabel: kinetic energy (GeV) 
# YLabel: flux ((m^{2} s sr GeV)^{-1}) 
#
# Columns: X, XErrorLow, XErrorHigh, Y, YErrorLow, YErrorHigh 
1.140000e+01  0.000000e+00 0.000000e+00  1.526000e-01  1.030776e-02 9.308598e-03 
1.300000e+01  0.000000e+00 0.000000e+00  9.930000e-02  4.398295e-03 5.336834e-03 
1.490000e+01  0.000000e+00 0.000000e+00  6.277000e-02  2.586987e-03 3.585038e-03 
1.700000e+01  0.000000e+00 0.000000e+00  4.028000e-02  1.715721e-03 2.503917e-03 
1.950000e+01  0.000000e+00 0.000000e+00  2.650000e-02  1.184230e-03 1.732888e-03 
2.240000e+01  0.000000e+00 0.000000e+00  1.701000e-02  7.940403e-04 1.132828e-03 
2.560000e+01  0.000000e+00 0.000000e+00  1.114000e-02  5.333854e-04 7.324616e-04 
2.940000e+01  0.000000e+00 0.000000e+00  7.059000e-03  3.401544e-04 4.498722e-04 
3.380000e+01  0.000000e+00 0.000000e+00  4.399000e-03  1.871817e-04 2.498840e-04 
3.880000e+01  0.000000e+00 0.000000e+00  2.854000e-03  1.200708e-04 1.528398e-04 
4.460000e+01  0.000000e+00 0.000000e+00  1.818000e-03  7.595393e-05 9.178780e-05 
5.120000e+01  0.000000e+00 0.000000e+00  1.182000e-03  4.981967e-05 5.671860e-05 
5.870000e+01  0.000000e+00 0.000000e+00  7.670000e-04  3.247768e-05 3.502742e-05 
6.740000e+01  0.000000e+00 0.000000e+00  4.988000e-04  2.117475e-05 2.156409e-05 
7.750000e+01  0.000000e+00 0.000000e+00  3.191000e-04  1.397176e-05 1.329662e-05 
8.880000e+01  0.000000e+00 0.000000e+00  2.072000e-04  9.300538e-06 8.443341e-06 
1.020000e+02  0.000000e+00 0.000000e+00  1.360000e-04  6.324555e-06 5.385165e-06 
1.172000e+02  0.000000e+00 0.000000e+00  8.810000e-05  4.272002e-06 3.534119e-06 
1.345000e+02  0.000000e+00 0.000000e+00  5.730000e-05  2.954657e-06 2.332381e-06 
1.543000e+02  0.000000e+00 0.000000e+00  3.800000e-05  2.102380e-06 1.664332e-06 
1.776000e+02  0.000000e+00 0.000000e+00  2.540000e-05  1.476482e-06 1.140175e-06 
2.037000e+02  0.000000e+00 0.000000e+00  1.630000e-05  9.433981e-07 7.810250e-07 
2.337000e+02  0.000000e+00 0.000000e+00  1.030000e-05  6.403124e-07 5.656854e-07 
2.685000e+02  0.000000e+00 0.000000e+00  6.880000e-06  4.327817e-07 3.753665e-07 
3.082000e+02  0.000000e+00 0.000000e+00  4.510000e-06  2.900000e-07 2.701851e-07 
3.533000e+02  0.000000e+00 0.000000e+00  2.850000e-06  2.000000e-07 1.941649e-07 
4.075000e+02  0.000000e+00 0.000000e+00  1.720000e-06  1.303840e-07 1.303840e-07 
4.665000e+02  0.000000e+00 0.000000e+00  1.120000e-06  8.602325e-08 8.602325e-08 
5.365000e+02  0.000000e+00 0.000000e+00  6.500000e-07  6.529931e-08 5.730620e-08 
6.153000e+02  0.000000e+00 0.000000e+00  4.490000e-07  4.841487e-08 4.494441e-08 
7.089000e+02  0.000000e+00 0.000000e+00  2.580000e-07  3.328663e-08 3.224903e-08 
8.097000e+02  0.000000e+00 0.000000e+00  1.870000e-07  2.842534e-08 2.555386e-08 
9.299000e+02  0.000000e+00 0.000000e+00  1.380000e-07  2.220360e-08 2.059126e-08 
1.080500e+03  0.000000e+00 0.000000e+00  9.310000e-08  1.477329e-08 1.574357e-08 
1.224800e+03  0.000000e+00 0.000000e+00  4.480000e-08  9.300538e-09 9.798980e-09 
1.400800e+03  0.000000e+00 0.000000e+00  1.670000e-08  5.336666e-09 5.536244e-09 
1.618300e+03  0.000000e+00 0.000000e+00  1.880000e-08  5.385165e-09 5.646238e-09 
1.891300e+03  0.000000e+00 0.000000e+00  1.250000e-08  4.052160e-09 4.254409e-09 
2.162000e+03  0.000000e+00 0.000000e+00  3.790000e-09  2.176970e-09 3.128722e-09 
2.481200e+03  0.000000e+00 0.000000e+00  3.060000e-09  1.507912e-09 2.348297e-09 
2.873300e+03  0.000000e+00 0.000000e+00  3.130000e-09  1.754822e-09 2.126405e-09 
3.133100e+03  0.000000e+00 0.000000e+00  1.050000e-09  7.787811e-10 1.446824e-09 
3.738300e+03  0.000000e+00 0.000000e+00  9.600000e-10  7.063774e-10 1.284614e-09 
4.170300e+03  0.000000e+00 0.000000e+00  8.290000e-10  6.112487e-10 1.141810e-09 
