# Data from SSDC cosmic rays database www.ssdc.asi.it 
# File generated today 20190723 
# Errors may contain statistic and systematic depending on the options set when drawing the graph 
# Fluxes are multiplied by a power of Energy (or Rigidity) if the option is set when drawing the graph 
# Horizontal errors usually are not uncertanties of the measurement but correspond to binning. See publication. 
#
# GraphTitle: e- AMS-02 PRL (2019); 2011-05-19 00:00:00.0,2017-11-12 00:00:00.0; 
# XLabel: kinetic energy (GeV) 
# YLabel: flux ((m^{2} s sr GeV)^{-1}) 
#
# Columns: X, XErrorLow, XErrorHigh, Y, YErrorLow, YErrorHigh 
5.700000e-01  0.000000e+00 0.000000e+00  1.731000e+01  8.077747e-01 8.077747e-01 
7.300000e-01  0.000000e+00 0.000000e+00  1.710000e+01  6.328507e-01 6.328507e-01 
9.100000e-01  0.000000e+00 0.000000e+00  1.658000e+01  4.916299e-01 4.916299e-01 
1.110000e+00  0.000000e+00 0.000000e+00  1.562000e+01  3.811824e-01 3.811824e-01 
1.330000e+00  0.000000e+00 0.000000e+00  1.391000e+01  2.807134e-01 2.807134e-01 
1.580000e+00  0.000000e+00 0.000000e+00  1.200000e+01  2.002498e-01 2.002498e-01 
1.850000e+00  0.000000e+00 0.000000e+00  1.027000e+01  1.503330e-01 1.503330e-01 
2.150000e+00  0.000000e+00 0.000000e+00  8.403000e+00  1.102225e-01 1.102225e-01 
2.470000e+00  0.000000e+00 0.000000e+00  6.897000e+00  8.321658e-02 8.321658e-02 
2.820000e+00  0.000000e+00 0.000000e+00  5.504000e+00  6.412488e-02 6.412488e-02 
3.170000e+00  0.000000e+00 0.000000e+00  4.405000e+00  5.015974e-02 5.015974e-02 
3.540000e+00  0.000000e+00 0.000000e+00  3.555000e+00  4.011234e-02 4.011234e-02 
3.920000e+00  0.000000e+00 0.000000e+00  2.859000e+00  3.206244e-02 3.206244e-02 
4.320000e+00  0.000000e+00 0.000000e+00  2.279000e+00  2.507987e-02 2.507987e-02 
4.760000e+00  0.000000e+00 0.000000e+00  1.800000e+00  2.009975e-02 2.009975e-02 
5.240000e+00  0.000000e+00 0.000000e+00  1.409000e+00  1.603122e-02 1.603122e-02 
5.740000e+00  0.000000e+00 0.000000e+00  1.104000e+00  1.303840e-02 1.303840e-02 
6.260000e+00  0.000000e+00 0.000000e+00  8.715000e-01  1.003195e-02 1.003195e-02 
6.810000e+00  0.000000e+00 0.000000e+00  6.885000e-01  7.930952e-03 7.930952e-03 
7.390000e+00  0.000000e+00 0.000000e+00  5.439000e-01  6.328507e-03 6.328507e-03 
7.990000e+00  0.000000e+00 0.000000e+00  4.309000e-01  5.124451e-03 5.124451e-03 
8.620000e+00  0.000000e+00 0.000000e+00  3.415000e-01  4.019950e-03 4.019950e-03 
9.280000e+00  0.000000e+00 0.000000e+00  2.747000e-01  3.313608e-03 3.313608e-03 
9.960000e+00  0.000000e+00 0.000000e+00  2.204000e-01  2.617250e-03 2.617250e-03 
1.067000e+01  0.000000e+00 0.000000e+00  1.779000e-01  2.220360e-03 2.220360e-03 
1.141000e+01  0.000000e+00 0.000000e+00  1.438000e-01  1.811077e-03 1.811077e-03 
1.219000e+01  0.000000e+00 0.000000e+00  1.170000e-01  1.414214e-03 1.414214e-03 
1.299000e+01  0.000000e+00 0.000000e+00  9.557000e-02  1.190798e-03 1.190798e-03 
1.382000e+01  0.000000e+00 0.000000e+00  7.849000e-02  9.899495e-04 9.899495e-04 
1.469000e+01  0.000000e+00 0.000000e+00  6.439000e-02  8.188406e-04 8.188406e-04 
1.559000e+01  0.000000e+00 0.000000e+00  5.316000e-02  6.789698e-04 6.789698e-04 
1.652000e+01  0.000000e+00 0.000000e+00  4.382000e-02  5.671860e-04 5.671860e-04 
1.748000e+01  0.000000e+00 0.000000e+00  3.659000e-02  4.767599e-04 4.767599e-04 
1.848000e+01  0.000000e+00 0.000000e+00  3.057000e-02  3.962323e-04 3.962323e-04 
1.951000e+01  0.000000e+00 0.000000e+00  2.573000e-02  3.354102e-04 3.354102e-04 
2.058000e+01  0.000000e+00 0.000000e+00  2.146000e-02  2.863564e-04 2.863564e-04 
2.168000e+01  0.000000e+00 0.000000e+00  1.804000e-02  2.451530e-04 2.451530e-04 
2.283000e+01  0.000000e+00 0.000000e+00  1.524000e-02  2.039608e-04 2.039608e-04 
2.401000e+01  0.000000e+00 0.000000e+00  1.291000e-02  1.746425e-04 1.746425e-04 
2.525000e+01  0.000000e+00 0.000000e+00  1.099000e-02  1.552417e-04 1.552417e-04 
2.656000e+01  0.000000e+00 0.000000e+00  9.236000e-03  1.268464e-04 1.268464e-04 
2.795000e+01  0.000000e+00 0.000000e+00  7.841000e-03  1.086692e-04 1.086692e-04 
2.943000e+01  0.000000e+00 0.000000e+00  6.622000e-03  9.244458e-05 9.244458e-05 
3.100000e+01  0.000000e+00 0.000000e+00  5.530000e-03  7.720104e-05 7.720104e-05 
3.266000e+01  0.000000e+00 0.000000e+00  4.685000e-03  6.609841e-05 6.609841e-05 
3.443000e+01  0.000000e+00 0.000000e+00  3.947000e-03  5.565968e-05 5.565968e-05 
3.632000e+01  0.000000e+00 0.000000e+00  3.311000e-03  4.743416e-05 4.743416e-05 
3.833000e+01  0.000000e+00 0.000000e+00  2.806000e-03  4.049691e-05 4.049691e-05 
4.048000e+01  0.000000e+00 0.000000e+00  2.343000e-03  3.417601e-05 3.417601e-05 
4.278000e+01  0.000000e+00 0.000000e+00  1.951000e-03  2.915476e-05 2.915476e-05 
4.526000e+01  0.000000e+00 0.000000e+00  1.635000e-03  2.416609e-05 2.416609e-05 
4.792000e+01  0.000000e+00 0.000000e+00  1.367000e-03  2.061553e-05 2.061553e-05 
5.080000e+01  0.000000e+00 0.000000e+00  1.119000e-03  1.655295e-05 1.655295e-05 
5.392000e+01  0.000000e+00 0.000000e+00  9.297000e-04  1.431084e-05 1.431084e-05 
5.732000e+01  0.000000e+00 0.000000e+00  7.663000e-04  1.198833e-05 1.198833e-05 
6.103000e+01  0.000000e+00 0.000000e+00  6.191000e-04  9.848858e-06 9.848858e-06 
6.511000e+01  0.000000e+00 0.000000e+00  5.072000e-04  8.163333e-06 8.163333e-06 
6.962000e+01  0.000000e+00 0.000000e+00  4.075000e-04  6.603787e-06 6.603787e-06 
7.465000e+01  0.000000e+00 0.000000e+00  3.296000e-04  5.491812e-06 5.491812e-06 
8.029000e+01  0.000000e+00 0.000000e+00  2.613000e-04  4.382921e-06 4.382921e-06 
8.669000e+01  0.000000e+00 0.000000e+00  2.048000e-04  3.500000e-06 3.500000e-06 
9.402000e+01  0.000000e+00 0.000000e+00  1.579000e-04  2.780288e-06 2.780288e-06 
1.026000e+02  0.000000e+00 0.000000e+00  1.214000e-04  2.202272e-06 2.202272e-06 
1.127000e+02  0.000000e+00 0.000000e+00  8.891000e-05  1.664242e-06 1.664242e-06 
1.250000e+02  0.000000e+00 0.000000e+00  6.460000e-05  1.244829e-06 1.244829e-06 
1.401000e+02  0.000000e+00 0.000000e+00  4.531000e-05  9.263369e-07 9.263369e-07 
1.589000e+02  0.000000e+00 0.000000e+00  3.010000e-05  6.444377e-07 6.444377e-07 
1.831000e+02  0.000000e+00 0.000000e+00  1.853000e-05  4.341659e-07 4.341659e-07 
2.162000e+02  0.000000e+00 0.000000e+00  1.075000e-05  2.860070e-07 2.860070e-07 
2.618000e+02  0.000000e+00 0.000000e+00  5.978000e-06  1.794464e-07 1.794464e-07 
3.268000e+02  0.000000e+00 0.000000e+00  3.129000e-06  1.106391e-07 1.106391e-07 
4.285000e+02  0.000000e+00 0.000000e+00  1.278000e-06  5.635601e-08 5.635601e-08 
5.888000e+02  0.000000e+00 0.000000e+00  4.560000e-07  2.932320e-08 2.932320e-08 
8.323000e+02  0.000000e+00 0.000000e+00  1.771000e-07  1.700970e-08 1.700970e-08 
1.177700e+03  0.000000e+00 0.000000e+00  4.123000e-08  7.337575e-09 7.337575e-09 
