# NUCLEON 2019: #https://www.sciencedirect.com/science/article/abs/pii/S0273117719307379
# XLabel: kinetic energy (GeV) 
# YLabel: flux ((m^{2} s sr GeV)^{-1}) 
# Columns: X, Y, Stat, Sys, DeltaNcorr 
3.16e3	2.79e-6	1.43e-8	3.12e-7	7062.6
5.01e3	9.49e-7	6.24e-9	1.06e-7	4114.6
7.94e3	3.28e-7	2.83e-9	3.70e-8	2255.3
1.26e4	1.08e-7	1.14e-9	1.23e-8	1235.1
2.00e4	3.61e-8	5.22e-10   4.22e-9	654.7
3.16e4	1.14e-8	2.11e-10	1.41e-9	384.4
5.01e4	3.64e-9	9.22e-11	4.80e-10	194.0
7.94e4	1.09e-9	3.40e-11	1.70e-10	92.1
1.26e5	3.26e-10	1.43e-11	6.21e-11	43.9
2.00e5	9.68e-11	5.39e-12	2.52e-11	21.6
3.10e5	2.74e-11	2.19e-12	9.57e-12	9.8
5.01e5	8.07e-12	9.32e-13	4.01e-12	4.8
7.94e5	2.31e-12	4.51e-13	1.54e-12	2.2
