# Data from SSDC cosmic rays database www.ssdc.asi.it 
# File generated today 20210621 
# Errors may contain statistic and systematic depending on the options set when drawing the graph 
# Fluxes are multiplied by a power of Energy (or Rigidity) if the option is set when drawing the graph 
# Horizontal errors usually are not uncertanties of the measurement but correspond to binning. See publication. 
#
# GraphTitle: e+/[(e-)+(e+)] AMS-02 PRL (2014); 2011-05-19,2013-11-26; 
# XLabel: kinetic energy (GeV) 
# YLabel: fluxratio 
#
# Columns: X, XErrorLow, XErrorHigh, Y, YErrorLow, YErrorHigh 
5.750000e-01  0.000000e+00 0.000000e+00  9.430000e-02  5.077401e-03 5.077401e-03 
7.300000e-01  0.000000e+00 0.000000e+00  9.170000e-02  3.624914e-03 3.624914e-03 
9.050000e-01  0.000000e+00 0.000000e+00  8.620000e-02  2.624881e-03 2.624881e-03 
1.105000e+00  0.000000e+00 0.000000e+00  8.200000e-02  2.118962e-03 2.118962e-03 
1.330000e+00  0.000000e+00 0.000000e+00  7.750000e-02  1.868154e-03 1.868154e-03 
1.575000e+00  0.000000e+00 0.000000e+00  7.240000e-02  1.676305e-03 1.676305e-03 
1.835000e+00  0.000000e+00 0.000000e+00  6.860000e-02  1.456022e-03 1.456022e-03 
2.125000e+00  0.000000e+00 0.000000e+00  6.500000e-02  1.236932e-03 1.236932e-03 
2.440000e+00  0.000000e+00 0.000000e+00  6.220000e-02  1.077033e-03 1.077033e-03 
2.770000e+00  0.000000e+00 0.000000e+00  5.970000e-02  9.486833e-04 9.486833e-04 
3.120000e+00  0.000000e+00 0.000000e+00  5.760000e-02  8.544004e-04 8.544004e-04 
3.500000e+00  0.000000e+00 0.000000e+00  5.590000e-02  7.615773e-04 7.615773e-04 
3.905000e+00  0.000000e+00 0.000000e+00  5.530000e-02  6.708204e-04 6.708204e-04 
4.325000e+00  0.000000e+00 0.000000e+00  5.390000e-02  5.830952e-04 5.830952e-04 
4.770000e+00  0.000000e+00 0.000000e+00  5.280000e-02  5.000000e-04 5.000000e-04 
5.250000e+00  0.000000e+00 0.000000e+00  5.240000e-02  5.000000e-04 5.000000e-04 
5.750000e+00  0.000000e+00 0.000000e+00  5.150000e-02  4.242641e-04 4.242641e-04 
6.280000e+00  0.000000e+00 0.000000e+00  5.140000e-02  4.242641e-04 4.242641e-04 
6.860000e+00  0.000000e+00 0.000000e+00  5.110000e-02  5.000000e-04 5.000000e-04 
7.480000e+00  0.000000e+00 0.000000e+00  5.060000e-02  5.000000e-04 5.000000e-04 
8.150000e+00  0.000000e+00 0.000000e+00  5.090000e-02  5.000000e-04 5.000000e-04 
8.855000e+00  0.000000e+00 0.000000e+00  5.140000e-02  5.000000e-04 5.000000e-04 
9.580000e+00  0.000000e+00 0.000000e+00  5.130000e-02  5.830952e-04 5.830952e-04 
1.034000e+01  0.000000e+00 0.000000e+00  5.230000e-02  5.830952e-04 5.830952e-04 
1.113500e+01  0.000000e+00 0.000000e+00  5.320000e-02  6.708204e-04 6.708204e-04 
1.196500e+01  0.000000e+00 0.000000e+00  5.460000e-02  6.708204e-04 6.708204e-04 
1.283000e+01  0.000000e+00 0.000000e+00  5.530000e-02  6.708204e-04 6.708204e-04 
1.373000e+01  0.000000e+00 0.000000e+00  5.520000e-02  8.062258e-04 8.062258e-04 
1.467000e+01  0.000000e+00 0.000000e+00  5.580000e-02  8.062258e-04 8.062258e-04 
1.565000e+01  0.000000e+00 0.000000e+00  5.700000e-02  8.944272e-04 8.944272e-04 
1.666500e+01  0.000000e+00 0.000000e+00  5.850000e-02  9.848858e-04 9.848858e-04 
1.771500e+01  0.000000e+00 0.000000e+00  6.010000e-02  1.077033e-03 1.077033e-03 
1.881000e+01  0.000000e+00 0.000000e+00  5.960000e-02  1.077033e-03 1.077033e-03 
1.995500e+01  0.000000e+00 0.000000e+00  6.250000e-02  1.077033e-03 1.077033e-03 
2.115000e+01  0.000000e+00 0.000000e+00  6.170000e-02  1.208305e-03 1.208305e-03 
2.241500e+01  0.000000e+00 0.000000e+00  6.400000e-02  1.300000e-03 1.300000e-03 
2.376000e+01  0.000000e+00 0.000000e+00  6.550000e-02  1.392839e-03 1.392839e-03 
2.516000e+01  0.000000e+00 0.000000e+00  6.520000e-02  1.392839e-03 1.392839e-03 
2.660500e+01  0.000000e+00 0.000000e+00  6.620000e-02  1.486607e-03 1.486607e-03 
2.810500e+01  0.000000e+00 0.000000e+00  7.040000e-02  1.615549e-03 1.615549e-03 
2.966000e+01  0.000000e+00 0.000000e+00  7.170000e-02  1.708801e-03 1.708801e-03 
3.127500e+01  0.000000e+00 0.000000e+00  7.190000e-02  1.897367e-03 1.897367e-03 
3.295000e+01  0.000000e+00 0.000000e+00  7.210000e-02  1.992486e-03 1.992486e-03 
3.468500e+01  0.000000e+00 0.000000e+00  7.660000e-02  2.213594e-03 2.213594e-03 
3.648500e+01  0.000000e+00 0.000000e+00  7.320000e-02  2.213594e-03 2.213594e-03 
3.870000e+01  0.000000e+00 0.000000e+00  7.810000e-02  2.118962e-03 2.118962e-03 
4.169500e+01  0.000000e+00 0.000000e+00  8.060000e-02  2.247221e-03 2.247221e-03 
4.520000e+01  0.000000e+00 0.000000e+00  8.720000e-02  2.529822e-03 2.529822e-03 
4.894000e+01  0.000000e+00 0.000000e+00  8.400000e-02  2.846050e-03 2.846050e-03 
5.292500e+01  0.000000e+00 0.000000e+00  8.870000e-02  2.973214e-03 2.973214e-03 
5.717000e+01  0.000000e+00 0.000000e+00  9.210000e-02  3.352611e-03 3.352611e-03 
6.169500e+01  0.000000e+00 0.000000e+00  9.330000e-02  3.860052e-03 3.860052e-03 
6.651500e+01  0.000000e+00 0.000000e+00  9.740000e-02  4.080441e-03 4.080441e-03 
7.165000e+01  0.000000e+00 0.000000e+00  1.069000e-01  4.588028e-03 4.588028e-03 
7.715000e+01  0.000000e+00 0.000000e+00  9.630000e-02  4.904080e-03 4.904080e-03 
8.300000e+01  0.000000e+00 0.000000e+00  1.034000e-01  5.797413e-03 5.797413e-03 
8.925000e+01  0.000000e+00 0.000000e+00  1.207000e-01  6.500000e-03 6.500000e-03 
9.625000e+01  0.000000e+00 0.000000e+00  1.169000e-01  6.552099e-03 6.552099e-03 
1.075500e+02  0.000000e+00 0.000000e+00  1.205000e-01  5.793962e-03 5.793962e-03 
1.236000e+02  0.000000e+00 0.000000e+00  1.110000e-01  6.723095e-03 6.723095e-03 
1.418000e+02  0.000000e+00 0.000000e+00  1.327000e-01  8.895504e-03 8.895504e-03 
1.625000e+02  0.000000e+00 0.000000e+00  1.374000e-01  1.049238e-02 1.049238e-02 
1.897500e+02  0.000000e+00 0.000000e+00  1.521000e-01  1.212023e-02 1.212023e-02 
2.330000e+02  0.000000e+00 0.000000e+00  1.550000e-01  1.497732e-02 1.497732e-02 
3.050000e+02  0.000000e+00 0.000000e+00  1.590000e-01  2.136539e-02 2.136539e-02 
4.250000e+02  0.000000e+00 0.000000e+00  1.471000e-01  3.389985e-02 3.389985e-02 
