# Data from SSDC cosmic rays database www.ssdc.asi.it 
# File generated today 20210621 
# Errors may contain statistic and systematic depending on the options set when drawing the graph 
# Fluxes are multiplied by a power of Energy (or Rigidity) if the option is set when drawing the graph 
# Horizontal errors usually are not uncertanties of the measurement but correspond to binning. See publication. 
#
# GraphTitle: e+/[(e-)+(e+)] AMS-02 PRL (2019); 2011-05-19 00:00:00.0,2017-11-12 00:00:00.0; 
# XLabel: kinetic energy (GeV) 
# YLabel: fluxratio 
#
# Columns: X, XErrorLow, XErrorHigh, Y, YErrorLow, YErrorHigh 
5.700000e-01  0.000000e+00 0.000000e+00  1.309000e-01  5.907622e-03 5.907622e-03 
7.300000e-01  0.000000e+00 0.000000e+00  1.295000e-01  2.469818e-03 2.469818e-03 
9.100000e-01  0.000000e+00 0.000000e+00  1.188000e-01  1.280625e-03 1.280625e-03 
1.110000e+00  0.000000e+00 0.000000e+00  1.090000e-01  9.219544e-04 9.219544e-04 
1.330000e+00  0.000000e+00 0.000000e+00  9.919000e-02  6.811755e-04 6.811755e-04 
1.580000e+00  0.000000e+00 0.000000e+00  9.081000e-02  5.249762e-04 5.249762e-04 
1.850000e+00  0.000000e+00 0.000000e+00  8.316000e-02  4.036087e-04 4.036087e-04 
2.150000e+00  0.000000e+00 0.000000e+00  7.735000e-02  3.612478e-04 3.612478e-04 
2.470000e+00  0.000000e+00 0.000000e+00  7.221000e-02  3.264966e-04 3.264966e-04 
2.820000e+00  0.000000e+00 0.000000e+00  6.783000e-02  3.114482e-04 3.114482e-04 
3.170000e+00  0.000000e+00 0.000000e+00  6.455000e-02  2.973214e-04 2.973214e-04 
3.540000e+00  0.000000e+00 0.000000e+00  6.196000e-02  2.900000e-04 2.900000e-04 
3.920000e+00  0.000000e+00 0.000000e+00  5.972000e-02  2.828427e-04 2.828427e-04 
4.320000e+00  0.000000e+00 0.000000e+00  5.759000e-02  2.758623e-04 2.758623e-04 
4.760000e+00  0.000000e+00 0.000000e+00  5.620000e-02  2.690725e-04 2.690725e-04 
5.240000e+00  0.000000e+00 0.000000e+00  5.517000e-02  2.690725e-04 2.690725e-04 
5.740000e+00  0.000000e+00 0.000000e+00  5.391000e-02  2.701851e-04 2.701851e-04 
6.260000e+00  0.000000e+00 0.000000e+00  5.353000e-02  2.701851e-04 2.701851e-04 
6.810000e+00  0.000000e+00 0.000000e+00  5.353000e-02  2.780288e-04 2.780288e-04 
7.390000e+00  0.000000e+00 0.000000e+00  5.260000e-02  2.860070e-04 2.860070e-04 
7.990000e+00  0.000000e+00 0.000000e+00  5.289000e-02  3.023243e-04 3.023243e-04 
8.620000e+00  0.000000e+00 0.000000e+00  5.272000e-02  3.106445e-04 3.106445e-04 
9.280000e+00  0.000000e+00 0.000000e+00  5.277000e-02  3.328663e-04 3.328663e-04 
9.960000e+00  0.000000e+00 0.000000e+00  5.333000e-02  3.498571e-04 3.498571e-04 
1.067000e+01  0.000000e+00 0.000000e+00  5.353000e-02  3.807887e-04 3.807887e-04 
1.141000e+01  0.000000e+00 0.000000e+00  5.456000e-02  3.982462e-04 3.982462e-04 
1.219000e+01  0.000000e+00 0.000000e+00  5.581000e-02  4.205948e-04 4.205948e-04 
1.299000e+01  0.000000e+00 0.000000e+00  5.595000e-02  4.472136e-04 4.472136e-04 
1.382000e+01  0.000000e+00 0.000000e+00  5.581000e-02  4.742362e-04 4.742362e-04 
1.469000e+01  0.000000e+00 0.000000e+00  5.656000e-02  4.924429e-04 4.924429e-04 
1.559000e+01  0.000000e+00 0.000000e+00  5.776000e-02  5.239275e-04 5.239275e-04 
1.652000e+01  0.000000e+00 0.000000e+00  5.833000e-02  5.515433e-04 5.515433e-04 
1.748000e+01  0.000000e+00 0.000000e+00  5.891000e-02  5.793962e-04 5.793962e-04 
1.848000e+01  0.000000e+00 0.000000e+00  5.940000e-02  6.074537e-04 6.074537e-04 
1.951000e+01  0.000000e+00 0.000000e+00  6.075000e-02  6.356886e-04 6.356886e-04 
2.058000e+01  0.000000e+00 0.000000e+00  6.339000e-02  6.862215e-04 6.862215e-04 
2.168000e+01  0.000000e+00 0.000000e+00  6.298000e-02  7.147027e-04 7.147027e-04 
2.283000e+01  0.000000e+00 0.000000e+00  6.252000e-02  7.528612e-04 7.528612e-04 
2.401000e+01  0.000000e+00 0.000000e+00  6.529000e-02  8.065358e-04 8.065358e-04 
2.525000e+01  0.000000e+00 0.000000e+00  6.495000e-02  8.352245e-04 8.352245e-04 
2.656000e+01  0.000000e+00 0.000000e+00  6.808000e-02  8.984431e-04 8.984431e-04 
2.795000e+01  0.000000e+00 0.000000e+00  6.820000e-02  9.492102e-04 9.492102e-04 
2.943000e+01  0.000000e+00 0.000000e+00  7.093000e-02  1.012423e-03 1.012423e-03 
3.100000e+01  0.000000e+00 0.000000e+00  7.164000e-02  1.092016e-03 1.092016e-03 
3.266000e+01  0.000000e+00 0.000000e+00  7.274000e-02  1.152476e-03 1.152476e-03 
3.443000e+01  0.000000e+00 0.000000e+00  7.330000e-02  1.222620e-03 1.222620e-03 
3.632000e+01  0.000000e+00 0.000000e+00  7.669000e-02  1.317346e-03 1.317346e-03 
3.833000e+01  0.000000e+00 0.000000e+00  7.652000e-02  1.387516e-03 1.387516e-03 
4.048000e+01  0.000000e+00 0.000000e+00  7.870000e-02  1.479628e-03 1.479628e-03 
4.278000e+01  0.000000e+00 0.000000e+00  8.105000e-02  1.593644e-03 1.593644e-03 
4.526000e+01  0.000000e+00 0.000000e+00  8.115000e-02  1.683241e-03 1.683241e-03 
4.792000e+01  0.000000e+00 0.000000e+00  8.811000e-02  1.841005e-03 1.841005e-03 
5.080000e+01  0.000000e+00 0.000000e+00  8.406000e-02  1.918463e-03 1.918463e-03 
5.392000e+01  0.000000e+00 0.000000e+00  8.689000e-02  2.054313e-03 2.054313e-03 
5.732000e+01  0.000000e+00 0.000000e+00  8.967000e-02  2.197385e-03 2.197385e-03 
6.103000e+01  0.000000e+00 0.000000e+00  8.978000e-02  2.347765e-03 2.347765e-03 
6.511000e+01  0.000000e+00 0.000000e+00  9.775000e-02  2.568463e-03 2.568463e-03 
6.962000e+01  0.000000e+00 0.000000e+00  9.670000e-02  2.711549e-03 2.711549e-03 
7.465000e+01  0.000000e+00 0.000000e+00  1.039000e-01  2.886174e-03 2.886174e-03 
8.029000e+01  0.000000e+00 0.000000e+00  1.033000e-01  3.104835e-03 3.104835e-03 
8.669000e+01  0.000000e+00 0.000000e+00  1.091000e-01  3.420526e-03 3.420526e-03 
9.402000e+01  0.000000e+00 0.000000e+00  1.142000e-01  3.736308e-03 3.736308e-03 
1.026000e+02  0.000000e+00 0.000000e+00  1.073000e-01  4.100000e-03 4.100000e-03 
1.127000e+02  0.000000e+00 0.000000e+00  1.165000e-01  4.512206e-03 4.512206e-03 
1.250000e+02  0.000000e+00 0.000000e+00  1.183000e-01  4.805206e-03 4.805206e-03 
1.401000e+02  0.000000e+00 0.000000e+00  1.337000e-01  5.434151e-03 5.434151e-03 
1.589000e+02  0.000000e+00 0.000000e+00  1.323000e-01  5.922837e-03 5.922837e-03 
1.831000e+02  0.000000e+00 0.000000e+00  1.472000e-01  6.942622e-03 6.942622e-03 
2.162000e+02  0.000000e+00 0.000000e+00  1.481000e-01  8.178631e-03 8.178631e-03 
2.618000e+02  0.000000e+00 0.000000e+00  1.621000e-01  9.968952e-03 9.968952e-03 
3.268000e+02  0.000000e+00 0.000000e+00  1.557000e-01  1.232234e-02 1.232234e-02 
4.285000e+02  0.000000e+00 0.000000e+00  1.630000e-01  1.733667e-02 1.733667e-02 
5.888000e+02  0.000000e+00 0.000000e+00  1.541000e-01  3.032755e-02 3.032755e-02 
8.323000e+02  0.000000e+00 0.000000e+00  9.802000e-02  5.502678e-02 5.502678e-02 
